9000 1
1 12 0.494000
   -1 -0.032746 0.209996 2.127743 2.194651
2 8 0.140000
   1 -0.186510 -0.202296 1.686821 1.714840
3 1 0.000000
   0 0.017954 0.071730 0.455297 0.461263
4 1 0.000000
   0 0.187384 0.185850 3.545248 3.555058
5 11 0.494000
   1 0.070925 -0.302684 1.960188 2.045244
6 13 0.938000
   0 -0.057006 0.037404 0.224704 0.966946
9000 2
1 12 0.494000
   -1 -0.168248 -0.048702 1.792275 1.867342
2 8 0.140000
   1 0.146681 -0.050779 2.686760 2.694879
3 1 0.000000
   0 -0.094370 0.155559 0.075208 0.196877
4 1 0.000000
   0 -0.021541 -0.021443 0.049090 0.057737
5 11 0.494000
   1 0.196771 -0.575839 4.838185 4.901263
6 13 0.938000
   0 -0.059293 0.541204 0.558485 1.219904
9000 3
1 12 0.494000
   -1 -0.143284 -0.020467 2.562877 2.614063
2 8 0.140000
   1 -0.189744 -0.003650 1.763564 1.779262
3 1 0.000000
   0 0.391027 -0.114317 1.953799 1.995821
4 1 0.000000
   0 0.107279 -0.075552 0.385229 0.406962
5 11 0.494000
   1 -0.238720 0.114677 3.122394 3.172305
6 13 0.938000
   0 0.073442 0.099308 0.212139 0.969589
9000 4
1 12 0.494000
   -1 0.165753 -0.208250 4.746410 4.779465
2 8 0.140000
   1 -0.062825 -0.099493 0.877345 0.896204
3 1 0.000000
   0 0.040496 0.075598 0.256832 0.270773
4 1 0.000000
   0 0.107165 0.068243 0.095841 0.159144
5 11 0.494000
   1 0.062189 0.394788 3.718217 3.772121
6 13 0.938000
   0 -0.312779 -0.230885 0.305355 1.060295
9000 5
1 12 0.494000
   -1 0.052445 -0.128301 3.276240 3.316172
2 8 0.140000
   1 -0.692773 -0.245415 3.003012 3.094810
3 1 0.000000
   0 0.028561 -0.005568 0.810540 0.811062
4 1 0.000000
   0 0.141794 -0.057949 0.725553 0.741546
5 11 0.494000
   1 -0.055397 0.089917 1.647871 1.723563
6 13 0.938000
   0 0.525369 0.347316 0.536786 1.250849
9000 6
1 12 0.494000
   -1 -0.209197 -0.109838 1.929294 2.005503
2 8 0.140000
   1 -0.220583 -0.001729 0.700582 0.747714
3 1 0.000000
   0 0.044802 0.009938 0.210373 0.215321
4 1 0.000000
   0 0.258719 -0.071653 3.575830 3.585894
5 11 0.494000
   1 0.500634 0.072891 3.233411 3.309823
6 13 0.938000
   0 -0.374375 0.100391 0.350511 1.073749
9000 7
1 12 0.494000
   -1 -0.071752 0.132144 2.238090 2.296888
2 8 0.140000
   1 0.093842 0.061301 2.233899 2.241086
3 1 0.000000
   0 -0.058468 0.053368 0.143958 0.164289
4 1 0.000000
   0 -0.195747 -0.043020 0.186560 0.273811
5 11 0.494000
   1 0.206071 0.102537 4.901078 4.931286
6 13 0.938000
   0 0.026054 -0.306330 0.296416 1.030642
9000 8
1 12 0.494000
   -1 0.029765 -0.046531 2.802738 2.846477
2 8 0.140000
   1 0.204525 -0.373522 1.414872 1.484187
3 1 0.000000
   0 -0.045261 0.049707 0.240649 0.249862
4 1 0.000000
   0 0.052781 0.196728 0.375802 0.427452
5 11 0.494000
   1 -0.056388 0.613887 4.721947 4.787573
6 13 0.938000
   0 -0.185423 -0.440269 0.443993 1.142450
9000 9
1 12 0.494000
   -1 -0.117481 0.293124 1.872094 1.961758
2 8 0.140000
   1 0.131205 -0.001972 3.829801 3.834605
3 1 0.000000
   0 -0.014644 -0.027090 0.066409 0.073202
4 1 0.000000
   0 -0.107633 -0.044352 1.687436 1.691447
5 11 0.494000
   1 0.074417 0.170737 2.260791 2.321616
6 13 0.938000
   0 0.034137 -0.390447 0.283470 1.055374
9000 10
1 12 0.494000
   -1 0.023107 0.177953 3.264869 3.306903
2 8 0.140000
   1 0.248842 -0.039658 1.769691 1.793015
3 1 0.000000
   0 -0.033767 -0.022219 0.128717 0.134915
4 1 0.000000
   0 -0.385282 0.053437 2.763153 2.790396
5 11 0.494000
   1 0.192610 -0.045094 1.869464 1.943724
6 13 0.938000
   0 -0.045511 -0.124419 0.204107 0.969049
9000 11
1 12 0.494000
   -1 -0.031179 0.006156 0.953918 1.074712
2 8 0.140000
   1 0.307617 0.035204 2.396602 2.420572
3 1 0.000000
   0 -0.076977 0.006013 1.015980 1.018910
4 1 0.000000
   0 0.031128 0.071000 1.817595 1.819247
5 11 0.494000
   1 -0.161093 -0.271912 3.573356 3.621159
6 13 0.938000
   0 -0.069496 0.153538 0.242551 0.983402
9000 12
1 12 0.494000
   -1 -0.197323 -0.052674 2.687062 2.739717
2 8 0.140000
   1 -0.156440 -0.332293 2.125350 2.161390
3 1 0.000000
   0 0.101347 0.344515 1.037992 1.098358
4 1 0.000000
   0 0.005009 0.025514 0.280899 0.282100
5 11 0.494000
   1 -0.043145 0.021883 3.605877 3.639880
6 13 0.938000
   0 0.290553 -0.006945 0.262821 1.016557
9000 13
1 12 0.494000
   -1 -0.388335 -0.271636 5.375301 5.418716
2 8 0.140000
   1 0.147868 -0.017484 0.638577 0.670485
3 1 0.000000
   0 0.056355 0.215086 2.020889 2.033084
4 1 0.000000
   0 0.036710 0.015232 0.121941 0.128254
5 11 0.494000
   1 0.121094 0.049106 1.652690 1.729883
6 13 0.938000
   0 0.026309 0.009695 0.190606 0.957581
9000 14
1 12 0.494000
   -1 0.185876 -0.175390 4.722336 4.754977
2 8 0.140000
   1 -0.321455 -0.143413 1.220343 1.277786
3 1 0.000000
   0 -0.130558 -0.094956 0.670374 0.689538
4 1 0.000000
   0 -0.045208 0.009716 0.046988 0.065924
5 11 0.494000
   1 0.573015 0.107134 2.969761 3.066487
6 13 0.938000
   0 -0.261671 0.296909 0.370202 1.083291
9000 15
1 12 0.494000
   -1 0.158829 -0.132036 1.262878 1.371698
2 8 0.140000
   1 0.100046 -0.290986 1.516778 1.553994
3 1 0.000000
   0 0.046613 0.052989 0.132199 0.149857
4 1 0.000000
   0 0.152505 0.094723 0.052320 0.186997
5 11 0.494000
   1 -0.101434 0.382578 6.503942 6.534673
6 13 0.938000
   0 -0.356559 -0.107269 0.531886 1.140784
9000 16
1 12 0.494000
   -1 -0.112474 0.295929 3.256449 3.308885
2 8 0.140000
   1 0.157455 0.311034 3.141793 3.164175
3 1 0.000000
   0 -0.119180 0.039510 0.180499 0.219875
4 1 0.000000
   0 -0.092759 -0.091924 0.192963 0.232999
5 11 0.494000
   1 -0.024660 -0.066176 2.817727 2.861574
6 13 0.938000
   0 0.191618 -0.488374 0.410573 1.150496
9000 17
1 12 0.494000
   -1 -0.166793 0.000815 3.849078 3.884232
2 8 0.140000
   1 0.137885 0.182190 0.402063 0.483177
3 1 0.000000
   0 -0.144722 0.037954 0.882058 0.894657
4 1 0.000000
   0 -0.098531 0.095047 1.751335 1.756678
5 11 0.494000
   1 -0.422986 -0.131504 2.500145 2.586691
6 13 0.938000
   0 0.695147 -0.184503 0.615324 1.332568
9000 18
1 12 0.494000
   -1 0.237524 -0.242565 2.850251 2.912597
2 8 0.140000
   1 -0.182252 0.223547 0.347700 0.472953
3 1 0.000000
   0 0.004434 0.044894 0.644213 0.645790
4 1 0.000000
   0 -0.037952 -0.072243 0.437143 0.444695
5 11 0.494000
   1 0.071852 -0.101538 5.444955 5.468734
6 13 0.938000
   0 -0.093605 0.147905 0.275742 0.993235
9000 19
1 12 0.494000
   -1 -0.032829 -0.200547 3.054570 3.100924
2 8 0.140000
   1 0.208905 0.065414 3.354090 3.364141
3 1 0.000000
   0 0.050689 0.054116 0.061881 0.096578
4 1 0.000000
   0 -0.082427 0.067895 0.148404 0.182832
5 11 0.494000
   1 -0.404162 -0.094697 3.111684 3.177881
6 13 0.938000
   0 0.259823 0.107818 0.269373 1.015647
9000 20
1 12 0.494000
   -1 -0.158294 -0.209658 2.131876 2.204075
2 8 0.140000
   1 0.078211 0.018726 0.475339 0.502011
3 1 0.000000
   0 0.249290 -0.240677 0.837471 0.906327
4 1 0.000000
   0 0.238507 -0.384737 1.398244 1.469691
5 11 0.494000
   1 0.014430 0.333392 4.507983 4.547231
6 13 0.938000
   0 -0.422144 0.482953 0.649089 1.308667
9000 21
1 12 0.494000
   -1 -0.173467 0.479452 4.412339 4.469087
2 8 0.140000
   1 0.145181 -0.128703 2.024612 2.038700
3 1 0.000000
   0 0.093576 0.044609 0.199575 0.224893
4 1 0.000000
   0 -0.015986 -0.048568 0.107075 0.118657
5 11 0.494000
   1 -0.070923 -0.667430 2.924717 3.041135
6 13 0.938000
   0 0.021619 0.320641 0.331684 1.045532
9000 22
1 12 0.494000
   -1 0.025938 0.027157 1.929991 1.992564
2 8 0.140000
   1 -0.388562 0.207556 1.051208 1.148346
3 1 0.000000
   0 0.018203 0.012686 0.246897 0.247892
4 1 0.000000
   0 -0.193980 -0.068508 2.119191 2.129153
5 11 0.494000
   1 0.368473 -0.195532 4.381306 4.428756
6 13 0.938000
   0 0.169928 0.016641 0.271410 0.991292
9000 23
1 12 0.494000
   -1 0.051969 -0.012977 4.297850 4.326478
2 8 0.140000
   1 0.065542 0.027638 1.796995 1.803843
3 1 0.000000
   0 -0.131680 -0.157985 0.908092 0.931091
4 1 0.000000
   0 -0.254532 -0.230320 0.918936 0.980957
5 11 0.494000
   1 0.190820 -0.054234 1.721506 1.801936
6 13 0.938000
   0 0.077881 0.427879 0.356622 1.093696
9000 24
1 12 0.494000
   -1 0.203410 -0.552563 3.835888 3.912132
2 8 0.140000
   1 0.111715 -0.012464 3.595954 3.600433
3 1 0.000000
   0 0.060817 -0.005645 0.326428 0.332093
4 1 0.000000
   0 -0.017424 0.089155 0.210928 0.229659
5 11 0.494000
   1 -0.304580 0.325556 1.747702 1.870095
6 13 0.938000
   0 -0.053938 0.155960 0.283103 0.993592
9000 25
1 12 0.494000
   -1 0.071037 -0.146676 2.181393 2.242559
2 8 0.140000
   1 0.151512 0.073535 0.628282 0.665358
3 1 0.000000
   0 -0.186080 -0.174074 2.826107 2.837571
4 1 0.000000
   0 -0.033845 -0.163194 1.454172 1.463692
5 11 0.494000
   1 0.182616 0.254003 2.666496 2.729854
6 13 0.938000
   0 -0.185239 0.156406 0.243553 0.998969
9000 26
1 12 0.494000
   -1 0.153417 0.457533 3.088200 3.164473
2 8 0.140000
   1 0.191130 -0.247616 2.138911 2.166192
3 1 0.000000
   0 -0.117950 0.135377 0.477611 0.510247
4 1 0.000000
   0 0.037030 0.056580 0.209818 0.220445
5 11 0.494000
   1 -0.307865 0.110104 3.688567 3.735836
6 13 0.938000
   0 0.044239 -0.511977 0.396894 1.140810
9000 27
1 12 0.494000
   -1 -0.057369 0.279980 2.401257 2.468148
2 8 0.140000
   1 -0.008480 -0.066361 2.385381 2.390423
3 1 0.000000
   0 0.491103 0.040709 2.814549 2.857363
4 1 0.000000
   0 0.029517 -0.030806 0.342117 0.344767
5 11 0.494000
   1 -0.174247 -0.328670 1.734193 1.841154
6 13 0.938000
   0 -0.280523 0.105147 0.322505 1.036148
9000 28
1 12 0.494000
   -1 0.238367 -0.157763 4.246340 4.284524
2 8 0.140000
   1 0.068639 0.027703 2.100336 2.106297
3 1 0.000000
   0 0.058775 0.113510 0.093424 0.158326
4 1 0.000000
   0 -0.023347 0.224626 0.346272 0.413408
5 11 0.494000
   1 -0.086324 -0.030819 2.893110 2.936413
6 13 0.938000
   0 -0.256110 -0.177257 0.320521 1.039034
9000 29
1 12 0.494000
   -1 0.218471 -0.144778 1.002189 1.147654
2 8 0.140000
   1 0.263942 -0.556156 3.729389 3.782449
3 1 0.000000
   0 -0.092368 -0.115140 0.944248 0.955716
4 1 0.000000
   0 0.040316 -0.070587 0.320099 0.330259
5 11 0.494000
   1 -0.133695 0.552655 3.475619 3.556299
6 13 0.938000
   0 -0.296666 0.334007 0.528460 1.165626
9000 30
1 12 0.494000
   -1 -0.131185 -0.021928 2.153713 2.213641
2 8 0.140000
   1 -0.569714 -0.355382 3.739719 3.802100
3 1 0.000000
   0 -0.056943 0.028218 0.389142 0.394297
4 1 0.000000
   0 0.021115 0.095699 1.831779 1.834398
5 11 0.494000
   1 0.426492 0.268387 1.452229 1.614600
6 13 0.938000
   0 0.310235 -0.014994 0.433421 1.078966
9000 31
1 12 0.494000
   -1 0.165908 -0.082318 3.476142 3.515950
2 8 0.140000
   1 0.218334 0.429778 3.241523 3.280160
3 1 0.000000
   0 -0.212467 -0.026932 1.685370 1.698924
4 1 0.000000
   0 0.000183 -0.028313 0.075975 0.081079
5 11 0.494000
   1 -0.036630 -0.024029 1.243304 1.338567
6 13 0.938000
   0 -0.135327 -0.268185 0.277688 1.023324
9000 32
1 12 0.494000
   -1 -0.031262 -0.041033 2.416023 2.466549
2 8 0.140000
   1 0.207721 0.094890 1.061098 1.094386
3 1 0.000000
   0 -0.157298 -0.138538 1.156675 1.175514
4 1 0.000000
   0 -0.122742 -0.181727 0.677063 0.711691
5 11 0.494000
   1 0.366466 0.304858 4.427577 4.480482
6 13 0.938000
   0 -0.262887 -0.038450 0.261565 1.009380
9000 33
1 12 0.494000
   -1 -0.155506 -0.108070 3.626001 3.664393
2 8 0.140000
   1 -0.184038 -0.081564 0.329902 0.411045
3 1 0.000000
   0 -0.139185 0.052639 2.664242 2.668394
4 1 0.000000
   0 -0.113237 -0.048143 1.157898 1.164418
5 11 0.494000
   1 0.281581 0.062548 1.898685 1.982988
6 13 0.938000
   0 0.310385 0.122590 0.323276 1.046766
9000 34
1 12 0.494000
   -1 -0.009608 -0.176146 3.020545 3.065754
2 8 0.140000
   1 -0.471088 0.257920 3.491038 3.534882
3 1 0.000000
   0 -0.022593 0.206765 0.621284 0.655176
4 1 0.000000
   0 0.026572 -0.011420 0.085050 0.089833
5 11 0.494000
   1 0.167912 -0.009395 2.467263 2.521845
6 13 0.938000
   0 0.308806 -0.267723 0.314823 1.070511
9000 35
1 12 0.494000
   -1 0.167425 -0.435475 1.446444 1.598094
2 8 0.140000
   1 -0.013579 0.006706 0.481705 0.501865
3 1 0.000000
   0 0.140105 0.231118 1.391135 1.417146
4 1 0.000000
   0 0.007104 0.173907 0.617240 0.641310
5 11 0.494000
   1 -0.465568 -0.238765 5.671269 5.716738
6 13 0.938000
   0 0.164514 0.262509 0.392210 1.062849
9000 36
1 12 0.494000
   -1 0.280702 0.111855 5.555878 5.585975
2 8 0.140000
   1 0.120254 -0.063206 0.223712 0.296822
3 1 0.000000
   0 -0.194154 -0.086158 0.649889 0.683721
4 1 0.000000
   0 -0.132308 -0.008584 0.835137 0.845596
5 11 0.494000
   1 0.272935 -0.149605 2.373577 2.444336
6 13 0.938000
   0 -0.347430 0.195698 0.361811 1.081553
9000 37
1 12 0.494000
   -1 0.145271 0.079216 2.314951 2.372850
2 8 0.140000
   1 0.272906 -0.027221 1.381954 1.415844
3 1 0.000000
   0 -0.255403 0.321911 3.138019 3.164810
4 1 0.000000
   0 -0.072055 0.132657 0.691181 0.707475
5 11 0.494000
   1 -0.118241 -0.045391 2.108685 2.169477
6 13 0.938000
   0 0.027523 -0.461171 0.365212 1.107547
9000 38
1 12 0.494000
   -1 0.061545 0.038580 1.779442 1.848169
2 8 0.140000
   1 -0.091416 0.022074 0.186822 0.251688
3 1 0.000000
   0 -0.019335 0.002177 0.052944 0.056406
4 1 0.000000
   0 -0.147264 -0.136278 3.228636 3.234865
5 11 0.494000
   1 0.072289 0.097404 4.550884 4.579225
6 13 0.938000
   0 0.124180 -0.023957 0.201274 0.967652
9000 39
1 12 0.494000
   -1 0.187476 0.228647 1.925914 2.010127
2 8 0.140000
   1 0.216959 0.326021 0.965012 1.050813
3 1 0.000000
   0 -0.174600 -0.086295 1.786093 1.796681
4 1 0.000000
   0 0.015277 -0.034518 0.706367 0.707375
5 11 0.494000
   1 0.227088 -0.071662 4.119758 4.156098
6 13 0.938000
   0 -0.472199 -0.362193 0.496858 1.216909
9000 40
1 12 0.494000
   -1 -0.215661 -0.157736 1.948300 2.027634
2 8 0.140000
   1 -0.179490 0.152687 1.572078 1.595794
3 1 0.000000
   0 -0.006397 -0.078724 0.386271 0.394264
4 1 0.000000
   0 0.238495 -0.288708 2.248137 2.279113
5 11 0.494000
   1 0.020823 0.380064 3.610339 3.663805
6 13 0.938000
   0 0.142230 -0.007583 0.234877 0.977394
9000 41
1 12 0.494000
   -1 -0.104207 0.260479 2.849300 2.905384
2 8 0.140000
   1 0.233084 0.043144 2.710085 2.724032
3 1 0.000000
   0 -0.099715 -0.018803 0.472591 0.483362
4 1 0.000000
   0 -0.263184 -0.172964 0.760139 0.822796
5 11 0.494000
   1 0.037487 0.011679 2.964926 3.006055
6 13 0.938000
   0 0.196535 -0.123535 0.242962 0.996374
9000 42
1 12 0.494000
   -1 0.275704 -0.375588 3.665992 3.728352
2 8 0.140000
   1 -0.009235 -0.283322 1.203902 1.244723
3 1 0.000000
   0 0.142685 0.006038 0.974531 0.984940
4 1 0.000000
   0 0.291966 0.201097 1.937251 1.969423
5 11 0.494000
   1 -0.654119 0.101371 1.681628 1.873514
6 13 0.938000
   0 -0.047002 0.350404 0.536698 1.137049
9000 43
1 12 0.494000
   -1 0.098818 0.157363 3.103278 3.147841
2 8 0.140000
   1 -0.231374 0.093485 0.710542 0.765992
3 1 0.000000
   0 0.328373 -0.211348 1.010469 1.083302
4 1 0.000000
   0 0.046728 -0.004434 0.290832 0.294596
5 11 0.494000
   1 0.055654 -0.284527 4.536904 4.572919
6 13 0.938000
   0 -0.298199 0.249461 0.347976 1.073352
9000 44
1 12 0.494000
   -1 -0.116655 -0.028138 1.514914 1.597937
2 8 0.140000
   1 -0.011900 0.094757 1.476597 1.486290
3 1 0.000000
   0 0.202846 -0.113701 1.041384 1.067031
4 1 0.000000
   0 0.096728 -0.099047 1.231448 1.239206
5 11 0.494000
   1 0.245580 0.417184 4.370587 4.424976
6 13 0.938000
   0 -0.416598 -0.271055 0.365073 1.122563
9000 45
1 12 0.494000
   -1 -0.148829 -0.154214 3.495895 3.537125
2 8 0.140000
   1 -0.302705 -0.276686 1.193527 1.269760
3 1 0.000000
   0 -0.040452 -0.036958 0.674283 0.676506
4 1 0.000000
   0 0.091034 -0.038780 2.409217 2.411249
5 11 0.494000
   1 0.268718 0.000468 1.802961 1.888627
6 13 0.938000
   0 0.132233 0.506169 0.424119 1.154735
9000 46
1 12 0.494000
   -1 0.133135 0.258455 4.110430 4.150205
2 8 0.140000
   1 0.161119 -0.051789 0.360301 0.421970
3 1 0.000000
   0 0.031001 -0.115894 2.761436 2.764041
4 1 0.000000
   0 -0.008950 0.035529 0.630164 0.631229
5 11 0.494000
   1 -0.022440 -0.041081 1.888966 1.953054
6 13 0.938000
   0 -0.293866 -0.085220 0.248706 1.017506
9000 47
1 12 0.494000
   -1 -0.052822 0.069914 0.814707 0.956798
2 8 0.140000
   1 -0.223116 0.126776 0.595630 0.663496
3 1 0.000000
   0 -0.082585 0.031965 0.602264 0.608740
4 1 0.000000
   0 -0.176724 0.347906 2.424767 2.455966
5 11 0.494000
   1 0.226862 -0.012655 4.913883 4.943876
6 13 0.938000
   0 0.308385 -0.563906 0.648751 1.309127
9000 48
1 12 0.494000
   -1 -0.087670 0.000562 1.911112 1.975873
2 8 0.140000
   1 0.272877 -0.272233 2.866027 2.895217
3 1 0.000000
   0 -0.120854 0.046862 0.271763 0.301093
4 1 0.000000
   0 0.008410 0.086604 0.119933 0.148172
5 11 0.494000
   1 -0.271069 0.224087 4.583883 4.623820
6 13 0.938000
   0 0.198306 -0.085882 0.247285 0.993828
9000 49
1 12 0.494000
   -1 0.222018 0.316360 3.236084 3.296309
2 8 0.140000
   1 -0.128652 -0.096703 0.690452 0.722652
3 1 0.000000
   0 -0.181557 -0.344499 2.369478 2.401264
4 1 0.000000
   0 0.000378 -0.004748 0.000393 0.004780
5 11 0.494000
   1 0.248636 0.401750 3.413865 3.481628
6 13 0.938000
   0 -0.160822 -0.272159 0.289729 1.031369
9000 50
1 12 0.494000
   -1 -0.070575 0.110421 3.066795 3.109090
2 8 0.140000
   1 0.184088 -0.084563 0.482480 0.541689
3 1 0.000000
   0 -0.355200 0.144632 1.550481 1.597209
4 1 0.000000
   0 -0.062151 0.048832 0.652736 0.657504
5 11 0.494000
   1 0.429950 0.104091 3.926477 3.982078
6 13 0.938000
   0 -0.126112 -0.323413 0.321033 1.050431
9000 51
1 12 0.494000
   -1 -0.105623 -0.258697 3.487657 3.533535
2 8 0.140000
   1 -0.239606 0.392820 2.645780 2.689140
3 1 0.000000
   0 0.018924 -0.032354 0.037738 0.053188
4 1 0.000000
   0 0.128567 0.103992 0.410419 0.442479
5 11 0.494000
   1 0.037984 -0.199228 3.198865 3.243133
6 13 0.938000
   0 0.159756 -0.006534 0.219543 0.976528
9000 52
1 12 0.494000
   -1 0.471460 0.121795 2.203965 2.310543
2 8 0.140000
   1 0.029976 -0.234995 0.570616 0.633501
3 1 0.000000
   0 0.147014 0.379136 0.979547 1.060599
4 1 0.000000
   0 -0.003781 0.055870 0.296712 0.301950
5 11 0.494000
   1 -0.075739 -0.339086 5.344736 5.378750
6 13 0.938000
   0 -0.568930 0.017280 0.604425 1.252659
9000 53
1 12 0.494000
   -1 -0.035834 -0.230016 1.118267 1.244487
2 8 0.140000
   1 -0.072746 0.309899 0.663926 0.749484
3 1 0.000000
   0 -0.338529 -0.194299 1.694596 1.738968
4 1 0.000000
   0 -0.082834 -0.100089 0.344574 0.368253
5 11 0.494000
   1 0.558826 0.230142 5.753898 5.806602
6 13 0.938000
   0 -0.028883 -0.015637 0.424743 1.030208
9000 54
1 12 0.494000
   -1 0.007224 -0.044826 4.072643 4.102745
2 8 0.140000
   1 -0.238276 0.085249 0.575748 0.644305
3 1 0.000000
   0 -0.171042 -0.065354 2.247411 2.254858
4 1 0.000000
   0 -0.015683 0.023856 1.258473 1.258796
5 11 0.494000
   1 -0.172877 0.120070 1.358240 1.460532
6 13 0.938000
   0 0.590653 -0.118996 0.487488 1.216766
9000 55
1 12 0.494000
   -1 0.045205 -0.213562 3.337395 3.380813
2 8 0.140000
   1 0.246949 -0.194993 0.881966 0.946821
3 1 0.000000
   0 0.049366 -0.046787 1.161317 1.163306
4 1 0.000000
   0 0.117822 -0.236472 1.815548 1.834671
5 11 0.494000
   1 -0.246234 0.282047 2.420822 2.498919
6 13 0.938000
   0 -0.213107 0.409767 0.382955 1.113473
9000 56
1 12 0.494000
   -1 0.142090 -0.077151 2.096229 2.159712
2 8 0.140000
   1 -0.231294 0.238435 2.227467 2.256448
3 1 0.000000
   0 0.361737 0.072548 1.528792 1.572679
4 1 0.000000
   0 0.104587 0.004122 0.217345 0.241235
5 11 0.494000
   1 -0.005030 -0.488723 3.523598 3.591470
6 13 0.938000
   0 -0.372090 0.250769 0.406572 1.116459
9000 57
1 12 0.494000
   -1 0.170160 0.476045 3.118709 3.197804
2 8 0.140000
   1 -0.009049 -0.300048 0.856752 0.918550
3 1 0.000000
   0 0.110388 -0.054196 1.431996 1.437266
4 1 0.000000
   0 0.059760 0.073111 1.092325 1.096399
5 11 0.494000
   1 -0.049668 -0.045436 3.220068 3.258436
6 13 0.938000
   0 -0.281590 -0.149476 0.280153 1.029546
9000 58
1 12 0.494000
   -1 -0.355211 -0.342228 4.263863 4.320632
2 8 0.140000
   1 0.234185 0.056018 1.645519 1.668926
3 1 0.000000
   0 0.020754 -0.008030 0.020116 0.029998
4 1 0.000000
   0 0.295791 0.112850 1.324831 1.362133
5 11 0.494000
   1 0.205252 0.244361 2.409859 2.480584
6 13 0.938000
   0 -0.400771 -0.062972 0.335816 1.075732
9000 59
1 12 0.494000
   -1 -0.236736 0.049313 2.263801 2.329658
2 8 0.140000
   1 -0.483264 0.055868 2.609093 2.657750
3 1 0.000000
   0 -0.019203 0.089461 0.313123 0.326218
4 1 0.000000
   0 0.134861 0.290514 0.674610 0.746783
5 11 0.494000
   1 0.359784 -0.813780 3.557517 3.700222
6 13 0.938000
   0 0.244557 0.328624 0.581859 1.177373
9000 60
1 12 0.494000
   -1 0.000284 -0.026589 1.875050 1.939216
2 8 0.140000
   1 0.206899 -0.090305 3.218428 3.229372
3 1 0.000000
   0 0.059812 -0.299106 0.989286 1.035244
4 1 0.000000
   0 -0.023931 -0.083444 0.135839 0.161207
5 11 0.494000
   1 -0.230076 0.568720 3.505200 3.592609
6 13 0.938000
   0 -0.012988 -0.069275 0.276200 0.980356
9000 61
1 12 0.494000
   -1 -0.292964 0.062545 2.103700 2.181589
2 8 0.140000
   1 -0.266685 0.109972 4.154225 4.166582
3 1 0.000000
   0 0.117563 0.064246 0.351253 0.375935
4 1 0.000000
   0 0.126910 -0.044802 0.637627 0.651676
5 11 0.494000
   1 -0.027598 0.187893 2.368024 2.426445
6 13 0.938000
   0 0.342774 -0.379856 0.385175 1.135777
9000 62
1 12 0.494000
   -1 -0.153695 0.352156 0.893923 1.091225
2 8 0.140000
   1 -0.259422 -0.039054 0.906185 0.953727
3 1 0.000000
   0 0.029509 0.011875 1.576892 1.577213
4 1 0.000000
   0 0.029553 -0.122718 1.591582 1.596579
5 11 0.494000
   1 0.091839 -0.349563 4.605641 4.646137
6 13 0.938000
   0 0.262216 0.147304 0.425780 1.073121
9000 63
1 12 0.494000
   -1 -0.013483 -0.272732 2.607035 2.667439
2 8 0.140000
   1 -0.360308 0.029176 3.097700 3.121861
3 1 0.000000
   0 0.058633 -0.042940 0.053833 0.090442
4 1 0.000000
   0 0.076238 -0.116804 0.452440 0.473453
5 11 0.494000
   1 0.385205 0.185971 3.512015 3.572289
6 13 0.938000
   0 -0.146286 0.217329 0.276980 1.012518
9000 64
1 12 0.494000
   -1 0.431006 -0.151135 3.509562 3.573467
2 8 0.140000
   1 -0.157577 -0.290123 1.365688 1.411986
3 1 0.000000
   0 0.080369 0.103965 0.828015 0.838377
4 1 0.000000
   0 0.160424 0.148182 0.632404 0.669051
5 11 0.494000
   1 -0.127543 -0.225296 3.211064 3.259140
6 13 0.938000
   0 -0.386679 0.414407 0.453270 1.185982
9000 65
1 12 0.494000
   -1 0.326193 -0.360009 2.330380 2.431196
2 8 0.140000
   1 0.083752 0.140157 2.985823 2.993559
3 1 0.000000
   0 0.178560 -0.074485 0.266049 0.328958
4 1 0.000000
   0 -0.012343 -0.049486 0.104845 0.116592
5 11 0.494000
   1 -0.029775 0.268550 3.840295 3.881354
6 13 0.938000
   0 -0.546386 0.075273 0.472611 1.186343
9000 66
1 12 0.494000
   -1 -0.328729 -0.559596 3.871576 3.956558
2 8 0.140000
   1 0.120349 -0.312034 2.050938 2.082738
3 1 0.000000
   0 -0.078115 0.099914 0.763354 0.773818
4 1 0.000000
   0 0.014044 0.139754 0.428445 0.450881
5 11 0.494000
   1 0.085737 0.250799 2.519732 2.581344
6 13 0.938000
   0 0.186714 0.381163 0.365958 1.092665
9000 67
1 12 0.494000
   -1 -0.034831 -0.141228 2.340286 2.396275
2 8 0.140000
   1 0.210811 -0.087950 2.245540 2.261466
3 1 0.000000
   0 -0.086804 0.097869 0.877218 0.886919
4 1 0.000000
   0 -0.096038 0.295919 1.230685 1.269400
5 11 0.494000
   1 -0.202034 -0.497558 2.961506 3.050072
6 13 0.938000
   0 0.208896 0.332948 0.344767 1.073872
9000 68
1 12 0.494000
   -1 -0.155615 -0.061436 3.425700 3.465176
2 8 0.140000
   1 0.021129 0.213426 2.413463 2.427015
3 1 0.000000
   0 -0.052896 0.018428 0.005933 0.056328
4 1 0.000000
   0 0.027456 -0.088942 0.060193 0.110849
5 11 0.494000
   1 0.137962 0.130512 3.849840 3.886049
6 13 0.938000
   0 0.021964 -0.211987 0.244873 0.992586
9000 69
1 12 0.494000
   -1 -0.064680 0.102616 4.187911 4.218690
2 8 0.140000
   1 -0.181654 -0.283004 2.525219 2.551356
3 1 0.000000
   0 -0.067363 0.037424 0.396438 0.403858
4 1 0.000000
   0 -0.100625 0.268991 0.819053 0.867945
5 11 0.494000
   1 0.132682 -0.173471 1.799247 1.878569
6 13 0.938000
   0 0.281640 0.047445 0.272134 1.017582
9000 70
1 12 0.494000
   -1 0.041852 0.010202 1.668739 1.740857
2 8 0.140000
   1 0.622120 0.231804 3.023395 3.098594
3 1 0.000000
   0 -0.130724 -0.123552 0.915431 0.932935
4 1 0.000000
   0 -0.004272 0.010909 0.459860 0.460009
5 11 0.494000
   1 -0.013526 -0.194452 3.515005 3.554897
6 13 0.938000
   0 -0.515449 0.065087 0.417572 1.150710
9000 71
1 12 0.494000
   -1 0.098411 -0.060080 1.019081 1.138357
2 8 0.140000
   1 -0.104096 0.066435 1.123773 1.139173
3 1 0.000000
   0 0.372864 0.031194 1.794928 1.833513
4 1 0.000000
   0 0.051064 -0.000828 0.090995 0.104347
5 11 0.494000
   1 -0.495775 -0.226433 5.668301 5.715832
6 13 0.938000
   0 0.077532 0.189712 0.302925 1.006782
9000 72
1 12 0.494000
   -1 0.501411 -0.293954 3.091196 3.183921
2 8 0.140000
   1 0.010483 0.007472 1.498697 1.505277
3 1 0.000000
   0 -0.167100 0.037498 0.677041 0.698365
4 1 0.000000
   0 -0.144742 0.018935 1.326289 1.334298
5 11 0.494000
   1 -0.188917 0.162058 3.207354 3.254706
6 13 0.938000
   0 -0.011135 0.067991 0.199426 0.961437
9000 73
1 12 0.494000
   -1 -0.444634 0.167269 4.939343 4.986665
2 8 0.140000
   1 0.078596 -0.041372 0.704890 0.724127
3 1 0.000000
   0 0.097259 0.029533 1.046437 1.051362
4 1 0.000000
   0 0.170242 0.011440 0.666748 0.688234
5 11 0.494000
   1 -0.042936 -0.172521 2.467790 2.523020
6 13 0.938000
   0 0.141473 0.005650 0.174794 0.964595
9000 74
1 12 0.494000
   -1 0.208199 -0.005110 2.328429 2.389349
2 8 0.140000
   1 0.031306 -0.156564 1.155558 1.174907
3 1 0.000000
   0 -0.075961 -0.062442 1.984762 1.987196
4 1 0.000000
   0 -0.159017 0.031557 1.760670 1.768118
5 11 0.494000
   1 -0.234377 0.523436 2.425433 2.540803
6 13 0.938000
   0 0.229850 -0.330878 0.345151 1.077629
9000 75
1 12 0.494000
   -1 0.046680 0.173461 4.702485 4.731772
2 8 0.140000
   1 0.409753 -0.111086 2.279557 2.322976
3 1 0.000000
   0 -0.010455 0.025501 0.055592 0.062049
4 1 0.000000
   0 -0.223038 -0.117942 0.978096 1.010113
5 11 0.494000
   1 0.013828 0.312877 1.647752 1.748487
6 13 0.938000
   0 -0.236769 -0.282811 0.336521 1.062606
9000 76
1 12 0.494000
   -1 -0.135792 -0.045677 3.372255 3.411256
2 8 0.140000
   1 0.529365 -0.198465 2.316756 2.388843
3 1 0.000000
   0 -0.147919 0.143881 1.588901 1.602245
4 1 0.000000
   0 0.030205 0.030641 0.300935 0.303995
5 11 0.494000
   1 -0.124502 0.058660 2.196100 2.255179
6 13 0.938000
   0 -0.151356 0.010960 0.225057 0.976485
9000 77
1 12 0.494000
   -1 0.098460 0.559205 2.813398 2.912327
2 8 0.140000
   1 0.298635 0.151161 0.788571 0.868030
3 1 0.000000
   0 -0.286226 0.082458 0.628752 0.695740
4 1 0.000000
   0 -0.116429 -0.000081 0.489600 0.503253
5 11 0.494000
   1 0.047947 -0.509022 4.825724 4.877812
6 13 0.938000
   0 -0.042387 -0.283720 0.453958 1.080840
9000 78
1 12 0.494000
   -1 0.127448 -0.199541 1.405643 1.508618
2 8 0.140000
   1 0.145164 0.238188 0.571253 0.650950
3 1 0.000000
   0 -0.146064 -0.228254 1.005287 1.041171
4 1 0.000000
   0 -0.073172 -0.034912 0.615974 0.621287
5 11 0.494000
   1 -0.058937 -0.290899 5.910081 5.938113
6 13 0.938000
   0 0.005560 0.515418 0.491764 1.177864
9000 79
1 12 0.494000
   -1 -0.164075 0.095893 1.621387 1.705593
2 8 0.140000
   1 -0.033852 0.000715 3.740012 3.742784
3 1 0.000000
   0 0.069166 -0.021252 0.200398 0.213061
4 1 0.000000
   0 0.380706 -0.450601 2.283269 2.358240
5 11 0.494000
   1 -0.153898 0.051554 1.777782 1.852265
6 13 0.938000
   0 -0.098047 0.323691 0.377153 1.066057
9000 80
1 12 0.494000
   -1 -0.398547 0.178169 2.716815 2.795658
2 8 0.140000
   1 -0.107520 -0.419662 2.247742 2.293386
3 1 0.000000
   0 0.162987 0.129599 0.678159 0.709409
4 1 0.000000
   0 0.116221 -0.000952 0.658447 0.668626
5 11 0.494000
   1 0.691942 0.393238 3.087640 3.226605
6 13 0.938000
   0 -0.465082 -0.280392 0.611199 1.244319
9000 81
1 12 0.494000
   -1 0.438635 -0.556070 2.672186 2.808243
2 8 0.140000
   1 0.071541 -0.502633 2.239487 2.300578
3 1 0.000000
   0 0.014182 0.004956 0.386825 0.387117
4 1 0.000000
   0 0.025145 0.166013 0.532664 0.558501
5 11 0.494000
   1 -0.656408 0.304726 3.454565 3.563956
6 13 0.938000
   0 0.106905 0.583009 0.714274 1.319606
9000 82
1 12 0.494000
   -1 0.185547 0.450047 1.897634 2.020401
2 8 0.140000
   1 0.432351 0.193448 1.653042 1.725252
3 1 0.000000
   0 -0.036779 -0.053334 0.648510 0.651738
4 1 0.000000
   0 -0.100585 -0.091001 0.353212 0.378361
5 11 0.494000
   1 0.073519 0.166253 4.599780 4.629800
6 13 0.938000
   0 -0.554053 -0.665413 0.847826 1.532449
9000 83
1 12 0.494000
   -1 0.186595 -0.070453 1.439471 1.534893
2 8 0.140000
   1 -0.141398 -0.005915 3.394335 3.400167
3 1 0.000000
   0 0.179503 0.056849 1.409671 1.422191
4 1 0.000000
   0 0.049597 -0.044754 0.961798 0.964115
5 11 0.494000
   1 -0.011051 -0.151994 2.532608 2.584833
6 13 0.938000
   0 -0.263246 0.216267 0.262120 1.031805
9000 84
1 12 0.494000
   -1 -0.089724 -0.294966 1.757915 1.851852
2 8 0.140000
   1 -0.027363 -0.141151 1.545189 1.558166
3 1 0.000000
   0 0.081084 0.243291 2.947178 2.958314
4 1 0.000000
   0 0.064688 0.060349 0.489658 0.497586
5 11 0.494000
   1 -0.015100 0.110127 3.074034 3.115457
6 13 0.938000
   0 -0.013586 0.022351 0.186029 0.956627
9000 85
1 12 0.494000
   -1 -0.071618 0.034515 2.372959 2.425137
2 8 0.140000
   1 -0.196441 -0.519177 3.881037 3.923033
3 1 0.000000
   0 -0.098996 0.039062 0.155096 0.188098
4 1 0.000000
   0 -0.004329 0.103107 0.312448 0.329049
5 11 0.494000
   1 0.320068 -0.228252 2.806186 2.876327
6 13 0.938000
   0 0.051317 0.570745 0.472276 1.196358
9000 86
1 12 0.494000
   -1 0.175952 0.023155 3.640775 3.678420
2 8 0.140000
   1 0.391006 -0.025969 1.074016 1.151811
3 1 0.000000
   0 0.007328 0.016893 0.896713 0.896902
4 1 0.000000
   0 0.208128 0.205866 2.851586 2.866573
5 11 0.494000
   1 -0.552517 -0.104115 0.401897 0.849513
6 13 0.938000
   0 -0.229897 -0.115831 1.135015 1.494782
9000 87
1 12 0.494000
   -1 0.058505 0.020680 5.118395 5.142553
2 8 0.140000
   1 0.406659 -0.111095 2.382651 2.423703
3 1 0.000000
   0 -0.128549 -0.012295 0.246259 0.278064
4 1 0.000000
   0 -0.146098 -0.029102 0.757119 0.771635
5 11 0.494000
   1 -0.137857 -0.131871 1.185147 1.298077
6 13 0.938000
   0 -0.052660 0.263683 0.310432 1.023970
9000 88
1 12 0.494000
   -1 0.060689 0.181045 2.259491 2.320731
2 8 0.140000
   1 0.169668 -0.391521 4.179998 4.204052
3 1 0.000000
   0 -0.081181 0.071624 0.533841 0.544708
4 1 0.000000
   0 -0.091678 -0.000123 0.140071 0.167406
5 11 0.494000
   1 -0.246435 0.053407 2.655818 2.713114
6 13 0.938000
   0 0.188938 0.085568 0.230783 0.987990
9000 89
1 12 0.494000
   -1 -0.470425 -0.279209 5.203701 5.255645
2 8 0.140000
   1 0.232973 0.068578 0.905201 0.947612
3 1 0.000000
   0 -0.219374 -0.015487 0.723909 0.756577
4 1 0.000000
   0 -0.194402 -0.052006 1.224525 1.240951
5 11 0.494000
   1 0.346813 0.218527 1.543507 1.671670
6 13 0.938000
   0 0.304415 0.059598 0.399160 1.065548
9000 90
1 12 0.494000
   -1 0.253715 -0.197754 2.481160 2.550229
2 8 0.140000
   1 -0.209522 0.113755 0.927770 0.968089
3 1 0.000000
   0 0.207147 -0.105376 1.452134 1.470614
4 1 0.000000
   0 0.231639 -0.118601 0.937438 0.972889
5 11 0.494000
   1 -0.339241 -0.014096 3.876661 3.922731
6 13 0.938000
   0 -0.143737 0.322073 0.324840 1.053450
9000 91
1 12 0.494000
   -1 0.336097 -0.245892 3.587759 3.645473
2 8 0.140000
   1 -0.038283 0.452777 3.083124 3.119571
3 1 0.000000
   0 0.004631 -0.116677 0.995081 1.001909
4 1 0.000000
   0 -0.000293 -0.064565 0.125609 0.141232
5 11 0.494000
   1 -0.388089 0.254939 1.872023 1.991009
6 13 0.938000
   0 0.085938 -0.280582 0.336407 1.038810
9000 92
1 12 0.494000
   -1 0.723121 0.107590 2.778658 2.915383
2 8 0.140000
   1 0.473344 0.167022 1.547868 1.633232
3 1 0.000000
   0 -0.073038 0.108228 0.263821 0.294362
4 1 0.000000
   0 -0.057769 0.160953 0.835535 0.852855
5 11 0.494000
   1 -1.049919 -0.772792 3.643275 3.900900
6 13 0.938000
   0 -0.015739 0.228999 0.930847 1.341271
9000 93
1 12 0.494000
   -1 0.039121 -0.041846 3.812347 3.844646
2 8 0.140000
   1 0.135745 0.125393 0.525393 0.574271
3 1 0.000000
   0 -0.097207 -0.016249 3.111176 3.112737
4 1 0.000000
   0 -0.100082 0.053883 1.265624 1.270718
5 11 0.494000
   1 0.112171 0.117434 0.992396 1.120384
6 13 0.938000
   0 -0.089748 -0.238615 0.293066 1.015246
9000 94
1 12 0.494000
   -1 0.450738 0.119868 1.515652 1.660954
2 8 0.140000
   1 0.177607 0.178403 1.132951 1.168995
3 1 0.000000
   0 0.157546 -0.063470 0.211474 0.271239
4 1 0.000000
   0 0.335115 -0.294405 0.844433 0.955010
5 11 0.494000
   1 -0.890698 0.032995 5.598330 5.690322
6 13 0.938000
   0 -0.230309 0.026609 0.697163 1.191482
9000 95
1 12 0.494000
   -1 0.126683 -0.294000 1.571915 1.678522
2 8 0.140000
   1 -0.165347 0.135065 0.971136 1.004135
3 1 0.000000
   0 0.125803 0.042771 0.445856 0.465235
4 1 0.000000
   0 0.422657 0.036550 2.391367 2.428706
5 11 0.494000
   1 -0.382788 0.231031 4.299377 4.350699
6 13 0.938000
   0 -0.127009 -0.151417 0.320353 1.010707
9000 96
1 12 0.494000
   -1 0.242953 0.354265 3.838631 3.894053
2 8 0.140000
   1 0.049366 -0.052888 0.840856 0.855496
3 1 0.000000
   0 -0.144909 0.123865 0.249467 0.313966
4 1 0.000000
   0 0.007823 0.085747 0.053680 0.101466
5 11 0.494000
   1 0.292598 -0.480600 4.586846 4.647556
6 13 0.938000
   0 -0.447831 -0.030388 0.430522 1.125464
9000 97
1 12 0.494000
   -1 0.136125 0.148542 5.184694 5.212071
2 8 0.140000
   1 0.142914 -0.028887 2.897479 2.904521
3 1 0.000000
   0 -0.082459 -0.023783 0.175505 0.195364
4 1 0.000000
   0 0.047449 -0.044377 0.078863 0.102177
5 11 0.494000
   1 -0.273630 0.019659 1.453640 1.559605
6 13 0.938000
   0 0.029602 -0.071154 0.209822 0.964266
9000 98
1 12 0.494000
   -1 0.242228 0.169075 2.299020 2.369977
2 8 0.140000
   1 -0.139415 -0.160023 0.759047 0.800497
3 1 0.000000
   0 0.080678 -0.003696 0.709197 0.713781
4 1 0.000000
   0 0.237256 -0.269754 2.898296 2.920476
5 11 0.494000
   1 -0.108798 -0.103476 2.974233 3.018715
6 13 0.938000
   0 -0.311949 0.367874 0.360211 1.114558
9000 99
1 12 0.494000
   -1 0.007549 0.274799 1.950133 2.030425
2 8 0.140000
   1 -0.241164 0.285401 1.558399 1.608670
3 1 0.000000
   0 0.021184 -0.021789 0.966079 0.966557
4 1 0.000000
   0 0.160088 -0.163752 1.666032 1.681697
5 11 0.494000
   1 0.149239 -0.440392 3.609785 3.672982
6 13 0.938000
   0 -0.096895 0.065734 0.249576 0.977672
9000 100
1 12 0.494000
   -1 0.141527 0.126833 4.014728 4.049468
2 8 0.140000
   1 0.213936 -0.207128 2.173361 2.198128
3 1 0.000000
   0 -0.123489 -0.152598 0.693850 0.721085
4 1 0.000000
   0 -0.155607 -0.021274 0.681372 0.699238
5 11 0.494000
   1 -0.339491 0.056226 2.154009 2.236561
6 13 0.938000
   0 0.263123 0.197942 0.282683 1.033522
